1516164526 57
1516164682 54739
1516164707 58284
1516221970 58324
1516231355 57900
1516240936 57883
1516244730 57997
1516244999 57997
1516247634 58746
1516313297 58737
1516315309 58764
1516575247 59176
1516578005 59483
1516580287 59561
1516583463 59576
1516589959 59736
1516592037 60406
1516592586 60461
1516597841 60752
1516598321 60752
1516747558 61479
1516757778 61003
1516764848 61048
1516838460 61100
1516847199 61098
1516847316 61098
1516849394 61150
1516849838 61146
1516916765 61211
1516921025 61442
1516931608 61529
1517261248 62721
1517264704 62676
1517266722 62725
1517268607 62737
1517269014 62737
1517270472 62741
1517270819 62741
1517367533 63370
1520304558 64200
1520378480 64392
1520464977 64400
1520557744 64273
1520561079 64295
1520565028 64295
1520566958 64298
1520567969 64312
1520984604 64414
1520998486 64416
1520998528 64429
1521000430 65645
1521063144 66258
1521065988 66203
1521066267 66936
1521066763 66935
1521068000 67321
1521142631 70750
1521295648 95526
1521296473 95543
1521331182 96379
1521380352 96715
1521495744 104068
1521537124 114923
1521582627 115100
1521584282 115131
1521597156 138821
1521601805 139535
1521604497 141289
1521606290 142106
1522282980 142118
1522283033 146613
1522430540 156718
1522500835 162429
1522512075 162344
1522522939 162352
1522523997 162352
1522529874 162436
1522538625 162462
1522601137 162743
1522744013 165595
1522746272 165614
1522761679 166464
1522792568 167169
1522842949 168967
1522846574 169253
1522848478 169614
1522867991 170713
1522883098 170714
1522927839 170714
1522969547 170714
1522969810 170721
1522970044 170721
1522971262 170721
1522971913 170721
1522974473 170737
1526681304 187885
1526752587 187923
1527353235 187977
1527417475 188027
1527508862 188031
1527514156 188080
1527517641 188107
1527539661 194891
1527610121 201918
1528023456 202248
1528050395 202341
1528113767 202385
1528115772 202411
1528127653 202734
1528133971 203363
1528205934 204296
1528222531 204339
1528395309 204549
1528397445 204549
1528570746 204666
1528666322 204706
